4294967294,0
4294967278,394
4294967278,346
4294967278,0
4294967294,93
4294967294,95
2,4
4294967294,81
4294967294,92
4294967294,88
4294967294,437
4294967294,6
4294967294,22
4294967279,233
4294967279,231
4294967294,471
4294967294,12
4294967294,68
4294967294,11
4294967294,17
4294967294,39
4294967294,42
4294967294,67
4294967294,99
4294967294,76
4294967294,41
4294967294,424
4294967294,43
4294967294,417
4294967294,51
4294967294,52
4294967294,470
4294967294,25
4294967294,146
4294967294,26
4294967294,202
4294967294,82
4294967294,1414
4294967294,83
4294967293,131
4294967293,130
4294967293,129
4294967293,128
4294967293,127
4294967293,126
4294967293,125
4294967293,124
4294967293,123
4294967293,122
4294967293,121
4294967293,120
4294967293,119
4294967293,118
4294967293,117
4294967293,116
4294967293,115
4294967293,114
4294967293,113
4294967293,112
4294967293,111
4294967293,110
4294967293,109
4294967293,108
4294967293,107
4294967293,106
4294967293,105
4294967293,104
4294967293,103
4294967293,102
4294967293,101
4294967293,100
4294967293,99
4294967293,98
4294967293,97
4294967293,96
4294967293,95
4294967293,94
4294967293,93
4294967293,92
4294967293,91
4294967293,90
4294967293,89
4294967293,87
4294967293,86
4294967293,85
4294967293,84
4294967293,83
4294967293,82
4294967293,81
4294967293,80
4294967293,79
4294967293,78
4294967293,77
4294967293,76
4294967293,75
4294967293,74
4294967293,73
4294967293,72
4294967293,71
4294967293,70
4294967293,69
4294967293,68
4294967293,67
4294967293,66
4294967293,65
4294967293,64
4294967293,63
4294967293,62
4294967293,61
4294967293,60
4294967293,59
4294967293,58
4294967293,57
4294967293,56
4294967293,55
4294967293,54
4294967293,53
4294967293,52
4294967293,51
4294967293,50
4294967293,49
4294967293,48
4294967293,47
4294967293,46
4294967293,45
4294967293,44
4294967293,43
4294967293,42
4294967293,41
4294967293,40
4294967293,39
4294967293,38
4294967293,37
4294967293,36
4294967293,35
4294967293,34
4294967293,33
4294967293,32
4294967293,31
4294967293,30
4294967293,29
4294967293,28
4294967293,27
4294967293,26
4294967293,25
4294967293,24
4294967293,23
4294967293,22
4294967293,21
4294967293,20
4294967293,19
4294967293,18
4294967293,17
4294967293,16
4294967293,15
4294967293,14
4294967293,13
4294967293,12
4294967293,11
4294967293,10
4294967293,9
4294967293,8
4294967293,7
4294967293,6
4294967293,5
4294967293,4
4294967293,3
4294967278,132
4294967278,131
4294967278,130
4294967278,129
4294967278,128
4294967278,127
4294967278,126
4294967278,125
4294967278,124
4294967278,123
4294967278,122
4294967278,121
4294967278,120
4294967278,119
4294967278,118
4294967278,117
4294967278,116
4294967278,88
4294967278,174
4294967278,115
4294967278,114
4294967278,113
4294967278,112
4294967278,111
4294967278,109
4294967278,108
4294967278,104
4294967278,102
4294967278,100
4294967278,99
4294967278,98
4294967278,97
4294967278,94
4294967278,92
4294967278,91
4294967278,90
4294967278,89
4294967278,87
4294967278,86
4294967278,85
4294967278,84
4294967278,82
4294967278,79
4294967278,77
4294967278,76
4294967278,74
4294967278,73
4294967278,68
4294967278,66
4294967278,65
4294967278,64
4294967278,63
4294967278,61
4294967278,60
4294967278,59
4294967278,58
4294967278,57
4294967278,56
4294967278,55
4294967278,54
4294967278,53
4294967278,52
4294967278,51
4294967278,50
4294967279,90
4294967279,89
4294967279,62
4294967279,61
4294967279,60
4294967279,58
4294967279,50
4294967279,43
4294967279,41
4294967279,37
4294967279,33
4294967279,32
4294967279,30
4294967279,28
4294967279,26
4294967279,25
4294967279,24
4294967279,19
4294967279,18
4294967279,515
4294967279,16
4294967279,15
4294967279,14
4294967279,12
4294967279,10
4294967279,9
4294967279,8
4294967279,7
4294967279,6
4294967279,5
4294967279,4
4294967278,110
4294967278,107
4294967278,106
4294967278,105
4294967279,219
4294967279,217
4294967278,103
4294967278,101
98,6
4294967279,212
98,5
98,4
4294967279,211
98,3
98,2
98,1
4294967279,97
4294967279,87
4294967278,96
4294967279,96
4294967278,95
4294967279,95
4294967278,93
4294967278,205
4294967279,93
4294967279,205
4294967278,204
4294967278,202
4294967279,200
4294967279,202
4294967279,201
4294967278,83
4294967278,374
4294967279,300
4294967278,72
4294967278,81
4294967278,373
4294967279,562
4294967278,80
4294967279,192
4294967278,78
4294967278,191
4294967279,298
4294967278,75
4294967278,307
95,6
95,5
95,4
4294967278,186
95,3
95,2
95,1
4294967278,350
4294967278,71
4294967278,368
4294967278,62
4294967279,328
4294967279,0
4294967278,70
4294967278,367
4294967279,183
4294967279,558
4294967278,69
4294967279,182
4294967278,181
4294967279,181
4294967278,67
4294967278,180
4294967278,320
4294967279,178
4294967278,177
4294967279,177
4294967278,176
4294967279,176
4294967279,59
4294967294,421
4294967294,193
4294967279,535
4294967278,171
4294967279,171
4294967279,57
4294967279,532
4294967278,342
4294967279,56
4294967279,167
4294967278,166
4294967279,54
4294967279,166
4294967279,165
4294967278,338
4294967279,527
92,6
92,5
4294967278,161
92,4
92,3
92,2
92,1
4294967279,524
4294967279,291
4294967294,5
4294967279,38
4294967294,396
4294967294,1415
4294967294,399
4294967294,148
4294967294,178
4294967294,384
4294967294,444
4294967294,167
4294967294,1014
4294967294,458
4294967294,408
4294967294,456
4294967294,400
4294967294,160
4294967278,393
4294967279,523
4294967278,392
4294967278,156
4294967279,155
4294967278,155
4294967279,522
4294967279,151
4294967279,150
4294967278,391
4294967279,146
89,4
89,3
89,2
89,1
4294967279,142
